[gd_scene load_steps=13 format=3 uid="uid://y0egc0gmui6w"]

[ext_resource type="Texture2D" uid="uid://c8arnlq67qi7" path="res://assets/textures/grids/Dark/texture_05.png" id="1_xdxcu"]
[ext_resource type="Texture2D" uid="uid://c8upf6osvdwx5" path="res://assets/textures/grids/Orange/texture_05.png" id="2_ksyk2"]
[ext_resource type="Texture2D" uid="uid://bj2tjclvfiove" path="res://assets/textures/grids/Purple/texture_05.png" id="3_dalsv"]
[ext_resource type="Texture2D" uid="uid://does8rpwjdh1r" path="res://assets/textures/grids/Red/texture_05.png" id="4_kp2xd"]
[ext_resource type="PackedScene" uid="uid://brlv5mgijxokp" path="res://game/scenes/player.tscn" id="5_f8m7e"]

[sub_resource type="ProceduralSkyMaterial" id="ProceduralSkyMaterial_3th3d"]
sky_horizon_color = Color(0.64625, 0.65575, 0.67075, 1)
ground_horizon_color = Color(0.64625, 0.65575, 0.67075, 1)

[sub_resource type="Sky" id="Sky_qgbxg"]
sky_material = SubResource("ProceduralSkyMaterial_3th3d")

[sub_resource type="Environment" id="Environment_bmj8b"]
background_mode = 2
sky = SubResource("Sky_qgbxg")
tonemap_mode = 2
sdfgi_enabled = true
sdfgi_use_occlusion = true
glow_enabled = true
fog_enabled = true
fog_light_color = Color(1, 1, 1, 1)
fog_density = 0.001

[sub_resource type="StandardMaterial3D" id="StandardMaterial3D_uo3m8"]
albedo_texture = ExtResource("1_xdxcu")
uv1_triplanar = true

[sub_resource type="StandardMaterial3D" id="StandardMaterial3D_pufns"]
albedo_texture = ExtResource("2_ksyk2")

[sub_resource type="StandardMaterial3D" id="StandardMaterial3D_w145n"]
albedo_texture = ExtResource("3_dalsv")
uv1_triplanar = true

[sub_resource type="StandardMaterial3D" id="StandardMaterial3D_se733"]
albedo_texture = ExtResource("4_kp2xd")
uv1_triplanar = true

[node name="world" type="Node3D"]

[node name="WorldEnvironment" type="WorldEnvironment" parent="."]
environment = SubResource("Environment_bmj8b")

[node name="DirectionalLight3D" type="DirectionalLight3D" parent="."]
transform = Transform3D(-0.866025, -0.433013, 0.25, 0, 0.5, 0.866025, -0.5, 0.75, -0.433013, 0, 0, 0)
shadow_enabled = true

[node name="map" type="Node3D" parent="."]

[node name="floor" type="CSGBox3D" parent="map"]
transform = Transform3D(1, 0, 0, 0, 1, 0, 0, 0, 1, 0, -0.5, 0)
material_override = SubResource("StandardMaterial3D_uo3m8")
use_collision = true
size = Vector3(1000, 1, 1000)

[node name="box_1" type="CSGBox3D" parent="map"]
transform = Transform3D(-0.369747, 0, 0.929133, 0, 1, 0, -0.929133, 0, -0.369747, 2, 0.5, 1.5)
material_override = SubResource("StandardMaterial3D_pufns")
use_collision = true

[node name="box_2" type="CSGBox3D" parent="map"]
transform = Transform3D(0.700972, 0, 0.713189, 0, 1, 0, -0.713189, 0, 0.700972, -3.50838, 0.192571, -3.24483)
material_override = SubResource("StandardMaterial3D_w145n")
use_collision = true
size = Vector3(3, 0.508911, 1)

[node name="box_3" type="CSGBox3D" parent="map"]
transform = Transform3D(-0.0735342, 0, -0.997293, 0, 1, 0, 0.997293, 0, -0.0735342, -2, 1.5, 7)
material_override = SubResource("StandardMaterial3D_se733")
size = Vector3(1, 3, 2)

[node name="player" parent="." instance=ExtResource("5_f8m7e")]
transform = Transform3D(1, 0, 0, 0, 1, 0, 0, 0, 1, -1, 0, 1)
